intrinsic:
  - [633.2708129882812, 0.0, 647.1727905273438, 0.0, 633.2708129882812, 346.07861328125, 0.0, 0.0, 1.0]
  - [634.5321655273438, 0.0, 643.844482421875, 0.0, 634.5321655273438, 354.3299560546875, 0.0, 0.0, 1.0]
  - [634.6385498046875, 0.0, 643.7005004882812, 0.0, 634.6385498046875, 357.5688171386719, 0.0, 0.0, 1.0]
  - [634.031005859375, 0.0, 644.0584716796875, 0.0, 634.031005859375, 357.58477783203125, 0.0, 0.0, 1.0]
  - [636.54638671875, 0.0, 644.4542236328125, 0.0, 636.54638671875, 353.084228515625, 0.0, 0.0, 1.0]
  - [632.6293334960938, 0.0, 649.4476318359375, 0.0, 632.6293334960938, 359.812255859375, 0.0, 0.0, 1.0]
  - [635.21630859375, 0.0, 643.62353515625, 0.0, 635.21630859375, 355.617431640625, 0.0, 0.0, 1.0]
  - [641.80859375, 0.0, 651.0820922851562, 0.0, 641.80859375, 358.0768737792969, 0.0, 0.0, 1.0]
  - [638.0885620117188, 0.0, 649.054931640625, 0.0, 638.0885620117188, 356.66900634765625, 0.0, 0.0, 1.0]
  - [637.2503051757812, 0.0, 644.5123901367188, 0.0, 637.2503051757812, 358.05853271484375, 0.0, 0.0, 1.0]
  - [632.5867309570312, 0.0, 644.0807495117188, 0.0, 632.5867309570312, 356.8948974609375, 0.0, 0.0, 1.0]
  - [632.6802978515625, 0.0, 643.0200805664062, 0.0, 632.6802978515625, 356.1793518066406, 0.0, 0.0, 1.0]
  - [640.4555053710938, 0.0, 650.3099365234375, 0.0, 640.4555053710938, 358.80950927734375, 0.0, 0.0, 1.0]
  - [637.3145141601562, 0.0, 645.3486938476562, 0.0, 637.3145141601562, 361.2301940917969, 0.0, 0.0, 1.0]
  - [640.1458129882812, 0.0, 645.2217407226562, 0.0, 640.1458129882812, 353.3279724121094, 0.0, 0.0, 1.0]
  - [634.2262573242188, 0.0, 646.1751098632812, 0.0, 634.2262573242188, 350.98419189453125, 0.0, 0.0, 1.0]

topics:
  - /camera7/infra1/image_rect_raw
  - /camera8/infra1/image_rect_raw
  - /camera9/infra1/image_rect_raw
  - /camera10/infra1/image_rect_raw
  - /camera11/infra1/image_rect_raw
  - /camera12/infra1/image_rect_raw
  - /camera13/infra1/image_rect_raw
  - /camera14/infra1/image_rect_raw
  - /camera15/infra1/image_rect_raw
  - /camera16/infra1/image_rect_raw
  - /camera17/infra1/image_rect_raw
  - /camera18/infra1/image_rect_raw
  - /camera19/infra1/image_rect_raw
  - /camera20/infra1/image_rect_raw
  - /camera21/infra1/image_rect_raw
  - /camera22/infra1/image_rect_raw


distortion:
  - [0, 0, 0, 0, 0]
  - [0, 0, 0, 0, 0]
  - [0, 0, 0, 0, 0]
  - [0, 0, 0, 0, 0]
  - [0, 0, 0, 0, 0]
  - [0, 0, 0, 0, 0]
  - [0, 0, 0, 0, 0]
  - [0, 0, 0, 0, 0]
  - [0, 0, 0, 0, 0]
  - [0, 0, 0, 0, 0]
  - [0, 0, 0, 0, 0]
  - [0, 0, 0, 0, 0]
  - [0, 0, 0, 0, 0]
  - [0, 0, 0, 0, 0]
  - [0, 0, 0, 0, 0]
  - [0, 0, 0, 0, 0]

initial_extrinsic:
  - [0, 0, 0, 0, 0, 0]
  - [-0.5, 0, 0, 0, 0, 0]
  - [-1.0, 0, 0, 0, 0, 0]
  - [-1.5, 0, 0, 0, 0, 0]
  - [0, 0.5, 0, 0, 0, 0]
  - [-0.5, 0.5, 0, 0, 0, 0]
  - [-1.0, 0.5, 0, 0, 0, 0]
  - [-1.5, 0.5, 0, 0, 0, 0]
  - [0, 0, 1.5, 0, 180, 0]
  - [-0.5, 0, 1.5, 0, 180, 0]
  - [-1.0, 0, 1.5, 0, 180, 0]
  - [-1.5, 0, 1.5, 0, 180, 0]
  - [0, 0.5, 1.5, 0, 180, 0]
  - [-0.5, 0.5, 1.5, 0, 180, 0]
  - [-1.0, 0.5, 1.5, 0, 180, 0]
  - [-1.5, 0.5, 1.5, 0, 180, 0]

